0.0
0.0
0.0
0.0
0.0
0.0
0.0
114.0
263.0
389.0
466.0
496.0
470.0
418.0
290.0
139.0
0.0
0.0
0.0
0.0
0.0
0.0
0.0
0.0
0.0
0.0
0.0
0.0
0.0
0.0
0.0
0.0
59.0
88.0
293.0
342.0
237.0
243.0
114.0
24.0
0.0
0.0
0.0
0.0
0.0
0.0
0.0
0.0
0.0
0.0
0.0
0.0
0.0
0.0
0.0
104.0
143.0
164.0
116.0
308.0
167.0
155.0
179.0
180.0
29.0
0.0
0.0
0.0
0.0
0.0
0.0
0.0
0.0
0.0
0.0
0.0
0.0
0.0
0.0
148.0
299.0
443.0
463.0
583.0
590.0
552.0
385.0
268.0
90.0
0.0
0.0
0.0
0.0
0.0
0.0
0.0
0.0
0.0
0.0
0.0
0.0
0.0
0.0
8.0
85.0
106.0
231.0
160.0
168.0
246.0
240.0
137.0
30.0
0.0
0.0
0.0
0.0
0.0
0.0
0.0
0.0
0.0
0.0
0.0
16.0
51.0
110.0
91.0
224.0
86.0
226.0
720.0
503.0
503.0
466.0
326.0
212.0
71.0
75.0
0.0
0.0
0.0
0.0
0.0
0.0
0.0
0.0
0.0
2.0
18.0
33.0
76.0
87.0
272.0
156.0
334.0
119.0
97.0
108.0
114.0
46.0
31.0
10.0
0.0
0.0
0.0
0.0
0.0
0.0
0.0
0.0
0.0
0.0
15.0
192.0
381.0
561.0
709.0
805.0
843.0
845.0
786.0
669.0
515.0
338.0
150.0
0.0
0.0
0.0
0.0
0.0
0.0
0.0
0.0
0.0
0.0
0.0
25.0
201.0
370.0
455.0
431.0
668.0
764.0
519.0
595.0
678.0
502.0
274.0
42.0
2.0
0.0
0.0
0.0
0.0
0.0
0.0
0.0
0.0
0.0
18.0
158.0
343.0
517.0
675.0
814.0
907.0
938.0
946.0
870.0
744.0
128.0
192.0
205.0
132.0
0.0
0.0
0.0
0.0
0.0
0.0
1027.4
