7.23
7.77
8.31
8.88
9.44
10.01
11.35
12.69
14.03
15.14
16.26
17.37
17.36
17.35
17.34
16.77
16.21
15.64
15.5
15.36
15.22
15.11
15.0
14.89
-0.75
-1.11
-1.47
-1.6
-1.74
-1.87
-1.93
-1.98
-2.04
-1.97
-1.91
-1.84
-1.42
-0.99
-0.56
-0.21
0.15
0.51
0.91
1.3
1.7
1.94
2.19
2.43
9.03
9.15
9.26
9.12
8.99
8.85
8.5
8.15
7.8
7.94
8.08
8.22
8.5
8.77
9.05
9.06
9.06
9.07
9.06
9.04
9.02
8.76
8.5
8.24
1.72
1.55
1.37
1.61
1.85
2.09
3.03
3.97
4.92
5.86
6.8
7.74
7.94
8.14
8.34
7.71
7.08
6.46
6.18
5.9
5.62
5.34
5.07
4.79
-8.82
-8.58
-8.35
-8.3
-8.25
-8.2
-7.29
-6.38
-5.48
-3.82
-2.16
-0.5
-0.23
0.05
0.32
-0.38
-1.07
-1.76
-2.53
-3.3
-4.07
-4.69
-5.3
-5.91
17.61
17.55
17.49
17.9
18.32
18.74
19.58
20.43
21.28
21.45
21.62
21.8
22.35
22.91
23.46
22.78
22.09
21.41
20.98
20.55
20.12
19.85
19.57
19.3
14.73
14.54
14.34
14.37
14.4
14.42
14.0
13.58
13.16
13.48
13.79
14.1
14.83
15.56
16.29
16.15
16.01
15.87
15.56
15.26
14.95
14.87
14.8
14.72
13.73
13.53
13.33
13.2
13.08
12.95
15.39
17.83
20.27
21.33
22.39
23.45
23.6
23.75
23.9
23.05
22.2
21.35
20.12
18.89
17.66
16.71
15.77
14.82
14.93
14.63
14.32
14.28
14.23
14.18
14.26
14.35
14.43
15.37
16.31
17.25
17.75
18.26
18.76
18.57
18.37
18.18
17.84
17.5
17.16
17.23
17.31
17.38
21.19
20.63
20.07
20.58
21.09
21.61
22.78
23.96
25.14
25.64
26.14
26.64
26.95
27.27
27.59
26.84
26.08
25.33
24.5
23.67
22.84
22.29
21.75
21.2
-12.562000000000001
35.09
