-0.000000000000000000e+00
-0.000000000000000000e+00
-0.000000000000000000e+00
-0.000000000000000000e+00
-0.000000000000000000e+00
-0.000000000000000000e+00
-0.000000000000000000e+00
2.593026209100000035e+00
2.102536781410001154e+01
4.762603222880001397e+01
7.524963819109999008e+01
8.777774845560004735e+01
1.142826118371000206e+02
1.655009576404999905e+02
1.864916249908999646e+02
1.817177105321999306e+02
2.191548617599999460e+01
8.908753546000003354e-01
-0.000000000000000000e+00
-0.000000000000000000e+00
-0.000000000000000000e+00
-0.000000000000000000e+00
-0.000000000000000000e+00
-0.000000000000000000e+00
-0.000000000000000000e+00
-0.000000000000000000e+00
-0.000000000000000000e+00
-0.000000000000000000e+00
-0.000000000000000000e+00
-0.000000000000000000e+00
-0.000000000000000000e+00
-0.000000000000000000e+00
1.751400293899999516e+00
1.131746974449999676e+01
2.295886079980000360e+01
3.101730205380000882e+01
3.470713707950000071e+01
3.281416305999999139e+01
2.510374540839999469e+01
1.303820886360000131e+01
2.265124742900000321e+00
-0.000000000000000000e+00
-0.000000000000000000e+00
-0.000000000000000000e+00
-0.000000000000000000e+00
-0.000000000000000000e+00
-0.000000000000000000e+00
-0.000000000000000000e+00
-0.000000000000000000e+00
-0.000000000000000000e+00
-0.000000000000000000e+00
-0.000000000000000000e+00
-0.000000000000000000e+00
-0.000000000000000000e+00
-0.000000000000000000e+00
1.356214794220000464e+01
3.953712475940001525e+01
4.198576093270000342e+01
4.136782161829999893e+01
4.799529629670001896e+01
9.717344781079999905e+01
2.858678017419000525e+02
4.660230665695000880e+02
4.925229149083000380e+02
2.733800369671999988e+02
5.202094217999998271e+00
-0.000000000000000000e+00
-0.000000000000000000e+00
-0.000000000000000000e+00
-0.000000000000000000e+00
-0.000000000000000000e+00
-0.000000000000000000e+00
-0.000000000000000000e+00
-0.000000000000000000e+00
-0.000000000000000000e+00
-0.000000000000000000e+00
-0.000000000000000000e+00
2.976760018199999802e+00
2.720954628940000575e+01
4.837449265839999413e+01
5.292246990709997334e+01
5.838173780700000037e+01
8.485923836089997963e+01
1.141865892126000119e+02
1.255029864404999813e+02
2.113391891498999939e+02
3.714087778184999138e+02
5.408115297311001086e+02
6.122892679848000625e+02
5.442340534982998861e+02
3.011974430163000420e+02
1.080651147210000218e+01
-0.000000000000000000e+00
-0.000000000000000000e+00
-0.000000000000000000e+00
-0.000000000000000000e+00
-0.000000000000000000e+00
-0.000000000000000000e+00
-0.000000000000000000e+00
-0.000000000000000000e+00
-0.000000000000000000e+00
3.387031164600000643e+00
2.756705916330000505e+01
4.909349880199999916e+01
5.751939798490001721e+01
7.423020068259999960e+01
7.431943004219999693e+01
8.896418767750003553e+01
9.900126266160002331e+01
2.521703332983000223e+02
4.247925755217999040e+02
5.685866459646998692e+02
6.289749122200003058e+02
5.558664450111000406e+02
3.067087073201999488e+02
1.201632179540000323e+01
-0.000000000000000000e+00
-0.000000000000000000e+00
-0.000000000000000000e+00
-0.000000000000000000e+00
-0.000000000000000000e+00
-0.000000000000000000e+00
-0.000000000000000000e+00
-0.000000000000000000e+00
-0.000000000000000000e+00
7.693592141400001694e+00
2.980388827210001423e+01
5.108533462190001018e+01
6.570539816549998591e+01
6.962845726780001598e+01
1.156729768271999887e+02
1.183091416492999599e+02
1.513538399582000125e+02
2.112736697865999531e+02
2.428102251002000003e+02
1.726694157879001068e+02
2.384797933943999908e+02
1.070314944493999434e+02
5.259421440140000215e+01
1.138519121190000405e+01
4.394889360999998940e-01
-0.000000000000000000e+00
-0.000000000000000000e+00
-0.000000000000000000e+00
-0.000000000000000000e+00
-0.000000000000000000e+00
-0.000000000000000000e+00
-0.000000000000000000e+00
-0.000000000000000000e+00
6.034292441599997225e+00
2.840332899220000229e+01
5.604703287969999792e+01
8.197333469320001598e+01
8.011174010610000096e+01
1.272489215622999836e+02
1.467280519764000530e+02
1.609297926998000605e+02
1.737045628600000668e+02
1.773477015715999130e+02
2.409463228227999423e+02
1.420569738498000163e+02
9.410358199639998134e+01
4.090695168759998523e+01
7.461331368299999767e+00
-0.000000000000000000e+00
-0.000000000000000000e+00
-0.000000000000000000e+00
-0.000000000000000000e+00
-0.000000000000000000e+00
-0.000000000000000000e+00
-0.000000000000000000e+00
-0.000000000000000000e+00
-0.000000000000000000e+00
-0.000000000000000000e+00
1.716011341950000002e+01
4.223838496010002075e+01
7.038024721229999159e+01
8.089340018300002555e+01
1.034492988803999793e+02
1.215240914554999989e+02
1.346327923142000031e+02
1.493537196082999401e+02
1.577130774134000717e+02
1.505408270266999864e+02
1.157271154954000139e+02
6.108639120599998762e+01
1.447656290839999826e+01
4.357365965000000729e-01
-0.000000000000000000e+00
-0.000000000000000000e+00
-0.000000000000000000e+00
-0.000000000000000000e+00
-0.000000000000000000e+00
-0.000000000000000000e+00
-0.000000000000000000e+00
-0.000000000000000000e+00
-0.000000000000000000e+00
4.331741308000000013e-01
1.986112653079999646e+01
4.194219563260003270e+01
5.002980008340000495e+01
4.911184055110000202e+01
5.318930297659999695e+01
5.452664126370000020e+01
7.015248149600002137e+01
2.484571507612000687e+02
4.120859086193000280e+02
4.757167534472999364e+02
3.609713905739000097e+02
8.328950503209998146e+01
9.582272859599996195e+00
4.360646393000000010e-01
-0.000000000000000000e+00
-0.000000000000000000e+00
-0.000000000000000000e+00
-0.000000000000000000e+00
-0.000000000000000000e+00
-0.000000000000000000e+00
-0.000000000000000000e+00
-0.000000000000000000e+00
-0.000000000000000000e+00
-0.000000000000000000e+00
-0.000000000000000000e+00
-0.000000000000000000e+00
2.626193230999999351e+00
1.345230117640000422e+01
2.507465322480000935e+01
3.317974542519999659e+01
3.650521831140000728e+01
3.422297090540001108e+01
2.609727094469999997e+01
1.302126909279999722e+01
2.264038643899999759e+00
-0.000000000000000000e+00
-0.000000000000000000e+00
-0.000000000000000000e+00
-0.000000000000000000e+00
-0.000000000000000000e+00
-0.000000000000000000e+00
-0.000000000000000000e+00
-0.000000000000000000e+00
6.289749122200003058e+02
